"date", "Maturity","open","high","low","close"
20090406,200905,51.61,53.14,51.61,53.05
20090407,200905,50.96,52.33,50.96,51.37
20090408,200905,49.68,49.68,48.59,48.92
20090409,200905,51.05,52.50,51.05,52.37
20090410,200905,52.85,52.85,52.24,52.65
20090413,200905,52.95,52.98,52.66,52.95
20090414,200905,51.33,51.99,50.63,51.20
20090415,200905,51.06,51.90,50.96,51.85
20090416,200905,51.50,52.00,50.75,51.41
20090417,200905,51.66,51.81,51.13,51.13
20090420,200905,51.37,51.37,50.36,50.87
20090421,200905,48.61,48.82,48.61,48.82
20090422,200905,48.70,48.72,48.25,48.39
20090423,200905,48.70,48.70,47.90,48.52
20090424,200905,49.64,49.64,47.77,48.53
20090427,200905,49.32,49.46,48.22,48.32
20090428,200905,49.32,49.32,47.60,47.65
20090430,200905,49.06,50.49,49.06,50.21
20090501,200906,49.56,49.81,49.46,49.57
20090507,200906,55.55,57.34,55.47,56.29
20090508,200906,56.79,57.51,56.42,57.24
20090511,200906,57.65,57.83,57.15,57.29
20090512,200906,57.49,57.49,56.35,56.92
20090513,200906,59.01,59.01,58.41,58.68
20090514,200906,58.92,58.92,56.41,57.26
20090515,200906,57.24,58.52,56.07,58.24
20090518,200906,58.22,58.22,55.38,55.55
20090519,200906,55.60,58.22,55.60,58.05
20090520,200906,58.70,58.76,57.43,58.40
20090521,200906,59.07,59.55,58.87,59.02
20090522,200906,59.53,59.89,58.59,59.51
20090525,200906,58.97,59.49,58.93,59.15
20090526,200906,59.46,59.46,58.50,58.84
20090527,200906,58.17,60.28,57.10,60.28
20090528,200906,59.37,60.47,59.37,60.42
20090529,200906,60.80,63.49,60.80,63.49
20090601,200907,64.59,65.70,64.41,65.68
20090602,200907,64.11,67.03,64.11,66.50
20090603,200907,66.40,67.69,66.07,67.33
20090604,200907,67.37,67.37,64.95,65.85
20090605,200907,66.74,68.65,66.74,68.60
20090608,200907,67.35,67.48,66.59,66.88
20090609,200907,66.94,68.66,66.31,68.66
20090610,200907,68.97,70.21,68.97,70.18
20090611,200907,70.64,71.36,70.35,71.29
20090612,200907,70.65,71.45,70.65,71.33
20090615,200907,70.63,70.97,69.58,69.65
20090616,200907,70.80,71.52,68.81,69.10
20090617,200907,70.74,70.74,68.73,70.41
20090618,200907,70.29,71.10,69.18,70.04
20090619,200907,69.49,70.59,69.12,70.53
20090622,200907,71.23,71.61,67.89,68.40
20090623,200907,67.58,67.58,65.13,65.13
20090624,200907,65.23,67.23,65.23,67.05
20090625,200907,66.54,67.99,66.54,67.95
20090626,200907,68.66,72.24,68.24,70.00
20090629,200907,70.28,70.80,67.53,67.75
20090630,200907,69.20,72.83,69.20,72.56
20090701,200908,70.23,70.25,68.97,69.22
20090702,200908,70.13,70.38,68.19,68.19
20090703,200908,67.78,67.94,65.37,66.55
20090706,200908,66.85,66.97,64.15,65.17
20090707,200908,63.69,64.51,63.60,63.97
20090708,200908,65.02,65.02,62.07,62.07
20090709,200908,63.11,63.28,59.86,61.49
20090710,200908,61.38,63.59,61.36,61.79
20090713,200908,61.22,61.89,59.99,59.99
20090714,200908,60.24,61.69,60.24,61.60
20090715,200908,61.66,62.10,61.32,62.08
20090716,200908,61.74,65.06,61.74,63.79
20090717,200908,64.08,64.08,63.25,63.44
20090721,200908,66.02,66.02,65.04,65.29
20090722,200908,65.21,65.68,65.02,65.63
20090723,200908,65.19,66.30,64.36,66.30
20090724,200908,65.80,68.48,65.80,68.48
20090727,200908,68.65,70.33,68.65,70.18
20090728,200908,67.91,70.11,67.91,69.54
20090729,200908,70.26,70.26,67.51,67.61
20090730,200908,66.94,66.97,64.85,65.53
20090731,200908,65.34,69.81,65.34,69.68
20090803,200909,69.21,71.49,69.21,71.49
20090804,200909,71.34,72.66,71.34,72.05
20090805,200909,73.18,73.42,72.75,73.17
20090806,200909,73.13,73.88,73.13,73.80
20090807,200909,73.47,73.47,72.72,73.16
20090810,200909,72.28,72.49,71.92,72.00
20090811,200909,72.32,72.63,72.32,72.47
20090812,200909,72.20,72.20,71.15,71.20
20090813,200909,70.57,72.72,70.57,72.72
20090814,200909,74.18,74.18,72.76,73.18
20090817,200909,73.61,73.61,69.30,69.42
20090818,200909,69.02,69.69,68.17,69.09
20090819,200909,69.82,72.32,69.82,70.48
20090820,200909,72.67,74.06,72.67,73.21
20090821,200909,73.56,73.56,71.34,71.34
20090824,200909,73.35,73.69,73.35,73.61
20090825,200909,73.29,73.29,72.36,72.36
20090826,200909,72.46,72.81,70.36,70.92
20090827,200909,72.52,72.52,69.78,70.01
20090828,200909,70.88,71.30,70.88,71.01
20090831,200909,71.96,71.96,70.86,70.86
20090901,200910,69.96,69.96,68.58,69.06
20090902,200910,69.38,69.38,67.43,67.60
20090903,200910,67.61,67.85,66.65,67.51
20090904,200910,67.60,67.60,66.79,66.85
20090907,200910,66.34,67.01,66.29,67.01
20090908,200910,67.49,67.49,66.56,67.18
20090909,200910,67.29,69.46,67.29,69.46
20090910,200910,69.61,70.58,69.61,70.58
20090911,200910,70.26,70.56,70.12,70.22
20090914,200910,67.03,67.03,66.28,66.45
20090915,200910,67.36,67.53,67.36,67.52
20090916,200910,68.71,69.39,68.71,69.39
20090917,200910,71.21,71.31,70.70,71.10
20090918,200910,70.61,70.88,70.54,70.88
20090924,200910,68.91,70.51,68.89,70.18
20090925,200910,67.64,68.96,64.92,65.50
20090928,200910,65.76,65.94,63.75,64.16
20090929,200910,65.86,65.86,64.27,65.47
20090930,200910,65.38,65.90,65.38,65.88
20091001,200911,65.65,69.10,65.65,68.44
20091002,200911,68.91,69.09,68.34,68.84
20091005,200911,68.11,68.48,67.56,68.30
20091006,200911,69.29,69.29,68.34,68.48
20091007,200911,69.56,70.01,69.52,69.69
20091008,200911,69.37,69.77,68.08,68.27
20091009,200911,67.90,69.15,67.90,69.06
20091013,200911,68.74,71.02,68.56,70.98
20091014,200911,72.19,73.19,72.19,73.07
20091015,200911,73.05,74.00,73.05,73.76
20091016,200911,72.68,76.39,72.68,75.85
20091019,200911,76.26,76.61,76.03,76.61
20091020,200911,76.71,78.49,76.71,77.41
20091021,200911,76.63,76.63,76.15,76.49
20091022,200911,75.28,78.90,75.28,78.60
20091023,200911,77.92,79.30,77.92,79.30
20091026,200911,78.72,78.72,77.84,77.84
20091027,200911,77.36,78.60,77.01,77.01
20091028,200911,78.08,78.08,77.20,77.20
20091029,200911,77.46,77.62,74.90,75.06
20091030,200911,77.90,78.01,77.55,77.55
20091102,200912,77.97,77.97,74.76,75.46
20091104,200912,75.76,77.69,75.76,77.66
20091105,200912,78.35,78.97,77.95,77.95
20091106,200912,78.08,78.68,77.92,78.26
20091109,200912,78.60,78.60,75.87,76.99
20091110,200912,77.31,77.75,76.76,77.36
20091111,200912,77.63,77.63,77.06,77.06
20091112,200912,77.80,78.65,77.80,78.35
20091113,200912,76.24,76.72,75.82,76.49
20091116,200912,77.56,77.56,76.71,77.08
20091117,200912,77.84,79.31,77.52,78.61
20091118,200912,79.57,79.69,79.41,79.39
20091119,200912,79.68,79.72,79.09,79.72
20091120,200912,78.80,78.89,77.62,77.85
20091124,200912,77.25,77.75,76.80,77.11
20091125,200912,76.61,78.09,76.27,76.79
20091126,200912,78.55,78.76,77.50,77.50
20091127,200912,76.00,77.39,75.85,75.85
20091130,200912,75.64,79.20,74.51,77.28
20091201,201001,78.42,79.43,78.42,79.28
20091202,201001,79.32,80.02,79.03,80.00
20091203,201001,78.12,79.48,78.12,79.15
20091204,201001,78.23,79.06,77.96,78.73
20091207,201001,78.36,78.95,76.84,78.70
20091208,201001,77.93,78.09,77.45,77.81
20091209,201001,79.04,79.22,76.58,77.16
20091210,201001,76.35,76.82,73.07,73.07
20091211,201001,72.57,73.40,72.18,73.34
20091214,201001,73.43,73.47,72.17,72.93
20091215,201001,72.55,72.98,72.48,72.98
20091216,201001,72.08,73.02,72.08,72.79
20091217,201001,73.11,74.70,73.11,73.91
20091218,201001,72.90,72.90,72.56,72.70
20091221,201001,73.73,73.73,73.24,73.52
20091222,201001,72.43,72.43,72.17,72.18
20091224,201001,72.76,76.13,72.20,75.69
20091225,201001,76.27,76.45,76.27,76.45
20091228,201001,76.13,76.50,76.13,76.50
20091229,201001,76.83,77.14,76.79,77.14
20091230,201001,77.74,78.08,77.34,78.08
20100104,201002,78.02,78.91,78.02,78.86
20100105,201002,79.97,81.15,79.97,80.73
20100106,201002,80.15,80.72,79.81,80.60
20100107,201002,81.85,82.30,81.28,81.28
20100108,201002,80.93,81.71,80.79,80.79
20100112,201002,80.81,81.05,80.14,80.59
20100113,201002,78.71,78.79,78.25,78.79
20100114,201002,78.58,78.78,78.58,78.78
20100115,201002,78.18,78.18,78.04,78.35
20100118,201002,77.84,77.84,76.27,76.34
20100119,201002,76.85,77.33,76.85,77.10
20100120,201002,76.35,77.75,76.35,76.79
20100121,201002,75.68,76.30,75.66,76.23
20100122,201002,77.01,77.20,73.96,74.07
20100125,201002,75.26,75.26,72.42,73.27
20100126,201002,72.45,73.49,72.45,72.29
20100127,201002,74.76,74.76,73.05,73.19
20100128,201002,72.35,72.37,72.11,72.37
20100129,201002,73.11,73.13,71.72,72.20
20100201,201003,72.41,74.81,71.52,71.80
20100202,201003,71.84,74.41,71.84,74.03
20100203,201003,74.61,76.61,74.41,76.54
20100204,201003,75.91,76.22,75.36,75.36
20100205,201003,76.95,76.95,71.38,71.82
20100208,201003,71.64,74.27,69.90,69.90
20100209,201003,70.28,70.41,69.57,70.30
20100210,201003,70.59,72.29,70.59,71.99
20100212,201003,72.77,73.65,72.77,73.46
20100215,201003,73.49,73.63,72.41,72.41
20100216,201003,72.64,72.77,72.61,72.77
20100217,201003,75.60,75.74,75.36,75.64
20100218,201003,75.56,75.56,74.87,74.87
20100219,201003,74.04,76.05,74.04,75.81
20100222,201003,76.14,78.76,76.06,77.58
20100223,201003,77.95,78.12,77.35,77.39
20100224,201003,77.93,77.93,76.06,76.43
20100225,201003,77.02,77.66,76.49,76.49
20100226,201003,75.41,77.41,75.25,75.68
20100301,201004,77.63,77.65,77.42,77.49
20100302,201004,77.33,77.52,75.94,76.06
20100303,201004,76.83,76.85,76.46,76.85
20100304,201004,78.11,78.13,77.99,77.99
20100305,201004,77.69,77.87,77.69,77.87
20100308,201004,76.81,79.17,76.81,79.10
20100309,201004,78.68,78.68,78.55,78.55
20100310,201004,77.94,78.56,77.89,78.56
20100311,201004,78.43,78.43,78.43,78.43
20100312,201004,79.07,79.42,78.96,79.17
20100315,201004,79.30,79.77,77.53,77.53
20100316,201004,76.50,76.54,76.38,76.48
20100317,201004,78.92,78.99,78.55,78.90
20100318,201004,79.32,79.32,78.72,78.79
20100319,201004,78.60,78.74,78.60,78.74
20100323,201004,,,,78.60
20100324,201004,78.42,78.51,78.42,78.14
20100325,201004,77.11,77.74,76.77,77.58
20100326,201004,76.98,77.53,76.98,77.53
20100329,201004,77.93,78.27,77.93,78.19
20100330,201004,78.96,79.57,78.96,79.56
20100331,201004,79.58,79.97,79.46,79.47
20100401,201005,79.88,80.79,79.78,80.71
20100402,201005,81.31,82.74,81.31,82.57
20100405,201005,82.78,82.78,82.78,82.78
20100406,201005,83.99,83.99,83.53,83.67
20100407,201005,83.73,84.25,83.71,84.25
20100408,201005,84.55,84.61,83.28,83.50
20100409,201005,82.59,84.03,82.23,84.03
20100412,201005,84.18,84.18,83.57,83.75
20100413,201005,84.00,84.00,82.98,83.06
20100414,201005,82.86,83.76,82.86,83.46
20100415,201005,85.14,85.14,84.97,84.99
20100416,201005,85.17,85.93,85.07,85.07
20100419,201005,86.09,86.09,83.00,83.00
20100420,201005,81.81,82.92,81.81,82.92
20100421,201005,83.72,83.74,83.72,83.74
20100422,201005,83.85,84.01,83.51,84.01
20100423,201005,83.20,84.03,82.99,83.98
20100426,201005,86.15,86.20,86.15,86.20
20100427,201005,85.81,85.89,85.30,85.30
20100428,201005,83.91,83.91,83.91,83.91
20100430,201005,85.48,85.83,85.48,85.83
20100506,201006,81.61,82.77,81.61,82.16
20100507,201006,84.41,84.41,78.80,80.08
20100510,201006,79.54,80.76,78.84,80.76
20100512,201006,80.86,80.86,80.43,80.79
20100513,201006,80.92,81.94,80.84,81.88
20100514,201006,81.62,81.62,80.32,80.37
20100517,201006,80.35,80.35,75.64,75.98
20100518,201006,77.16,77.16,74.85,75.35
20100519,201006,76.28,76.28,72.34,72.79
20100520,201006,73.06,73.49,72.34,72.34
20100521,201006,70.76,70.76,69.37,70.51
20100524,201006,70.72,71.39,69.49,71.27
20100525,201006,71.01,71.01,68.83,68.88
20100526,201006,68.24,69.42,67.55,69.32
20100527,201006,70.24,71.54,69.96,71.54
20100528,201006,70.71,74.82,70.71,73.77
20100531,201006,73.54,73.54,73.54,73.89
20100601,201007,74.13,74.13,73.83,74.41
20100602,201007,71.75,72.19,71.75,72.14
20100603,201007,74.33,74.52,74.18,75.00
20100604,201007,73.90,75.02,73.90,74.74
20100607,201007,70.49,71.26,70.23,70.98
20100608,201007,72.14,72.37,72.14,72.37
20100609,201007,71.26,71.88,71.26,72.07
20100610,201007,73.41,73.73,73.41,73.67
20100611,201007,73.15,74.94,73.15,74.94
20100614,201007,74.92,75.01,74.92,75.29
20100615,201007,76.12,76.31,74.38,74.17
20100616,201007,74.23,75.90,74.09,75.90
20100617,201007,76.26,76.50,76.26,76.50
20100618,201007,76.88,77.05,76.88,76.90
20100621,201007,77.45,78.14,77.45,78.23
20100622,201007,77.91,77.91,76.40,76.59
20100623,201007,76.47,76.47,76.12,76.12
20100624,201007,76.81,76.99,75.04,75.04
20100625,201007,74.16,75.01,74.16,74.62
20100628,201007,76.80,76.80,76.66,76.35
20100629,201007,76.10,76.67,75.24,74.92
20100630,201007,74.61,74.70,73.27,73.27
20100701,201008,74.69,74.71,72.12,72.28
20100702,201008,72.67,72.67,70.00,70.41
20100705,201008,70.83,70.83,70.34,70.41
20100706,201008,69.68,69.77,68.30,69.77
20100707,201008,70.70,70.70,69.97,69.97
20100708,201008,68.90,72.86,68.90,72.56
20100709,201008,73.35,73.65,73.35,73.65
20100712,201008,,,,73.26
20100713,201008,72.83,72.89,71.63,71.65
20100714,201008,74.21,74.50,74.18,74.50
20100715,201008,74.06,74.06,74.06,74.06
20100716,201008,73.87,73.87,73.79,73.79
20100720,201008,74.20,74.22,74.20,74.22
20100721,201008,74.61,74.61,74.12,74.28
20100722,201008,73.60,73.60,72.99,72.99
20100723,201008,74.68,75.85,74.68,75.30
20100726,201008,74.93,75.57,74.93,75.57
20100727,201008,75.29,75.62,74.84,75.24
20100728,201008,74.85,74.85,73.55,74.15
20100729,201008,74.77,74.77,73.64,74.22
20100730,201008,75.46,75.46,75.04,75.28
20100802,201009,76.38,76.78,76.38,76.66
20100803,201009,79.34,79.34,79.12,79.32
20100804,201009,79.60,80.25,79.60,79.82
20100805,201009,79.59,79.97,79.53,79.68
20100806,201009,79.69,79.73,79.19,79.71
20100809,201009,79.84,79.84,78.20,78.89
20100810,201009,78.67,78.67,78.61,78.61
20100811,201009,78.51,78.51,77.19,77.36
20100812,201009,76.56,76.56,74.09,74.83
20100813,201009,75.06,75.06,73.84,74.40
20100816,201009,73.69,73.69,72.77,73.27
20100817,201009,73.57,73.61,72.68,73.29
20100818,201009,74.31,74.61,74.16,74.57
20100819,201009,74.25,74.56,74.12,74.55
20100820,201009,73.19,73.66,73.19,73.49
20100823,201009,73.00,73.02,72.34,72.51
20100824,201009,71.67,71.69,71.11,71.22
20100825,201009,70.71,71.18,69.70,70.90
20100826,201009,70.70,72.11,70.62,71.82
20100827,201009,72.36,72.94,72.34,73.02
20100830,201009,72.36,75.59,72.29,74.47
20100831,201009,74.17,74.57,73.53,73.76
20100901,201010,72.77,74.04,72.70,74.04
20100902,201010,73.65,74.69,73.65,74.56
20100903,201010,74.73,74.96,74.41,74.41
20100906,201010,74.63,75.44,74.63,74.80
20100907,201010,75.07,75.07,75.03,75.03
20100908,201010,75.43,75.62,75.07,75.62
20100909,201010,75.27,76.73,75.27,76.29
20100910,201010,75.95,76.12,75.02,75.25
20100913,201010,75.36,76.91,75.36,76.66
20100914,201010,76.98,76.98,76.67,76.90
20100915,201010,74.64,76.64,74.62,76.40
20100916,201010,76.16,76.65,76.16,76.65
20100917,201010,76.44,76.69,75.89,76.56
20100921,201010,77.00,77.27,76.85,76.98
20100922,201010,77.34,77.73,75.80,76.16
20100924,201010,76.08,76.08,75.25,75.42
20100927,201010,76.72,76.72,76.27,76.34
20100928,201010,76.20,76.20,75.13,75.43
20100929,201010,75.61,76.85,75.61,76.64
20100930,201010,76.91,78.36,76.91,78.07
20101001,201011,78.38,80.75,78.16,80.75
20101004,201011,80.31,81.66,80.29,81.13
20101005,201011,80.90,80.90,80.11,80.56
20101006,201011,82.28,82.32,81.82,82.28
20101007,201011,82.64,83.10,82.64,83.10
20101008,201011,82.23,82.23,80.81,81.17
20101012,201011,81.29,81.99,80.53,80.84
20101013,201011,81.41,81.68,81.25,81.54
20101014,201011,82.75,83.09,82.70,82.77
20101015,201011,82.77,82.77,81.40,81.54
20101018,201011,81.96,81.96,79.30,79.34
20101019,201011,81.35,81.39,81.02,81.06
20101020,201011,78.66,79.45,78.66,78.96
20101021,201011,79.28,80.38,79.28,80.36
20101022,201011,79.71,79.73,79.71,79.75
20101025,201011,81.04,81.08,81.00,81.00
20101026,201011,81.00,81.00,80.27,80.41
20101027,201011,79.70,80.42,79.70,80.35
20101028,201011,80.97,80.97,80.56,80.56
20101029,201011,81.33,81.33,80.28,80.36
20101101,201012,80.61,81.04,80.33,80.57
20101102,201012,80.59,82.37,80.45,82.31
20101104,201012,82.02,84.95,81.96,84.81
20101105,201012,85.65,86.62,85.65,86.46
20101108,201012,86.17,86.21,85.64,85.64
20101109,201012,85.63,86.02,85.63,85.88
20101110,201012,84.89,85.49,84.89,85.33
20101111,201012,85.40,86.81,85.40,86.69
20101112,201012,86.72,86.74,84.94,85.06
20101115,201012,83.59,83.72,83.20,83.70
20101116,201012,83.87,83.87,83.60,83.60
20101117,201012,83.30,83.30,82.06,82.18
20101118,201012,81.43,82.05,81.43,81.76
20101119,201012,82.05,82.58,81.80,82.16
20101122,201012,82.88,82.88,82.27,82.71
20101124,201012,82.80,82.80,81.23,81.33
20101125,201012,80.96,83.38,80.79,83.32
20101126,201012,82.89,83.44,82.89,83.36
20101129,201012,82.94,83.75,82.64,83.75
20101130,201012,85.31,85.31,84.22,84.50
20101201,201101,84.15,84.15,83.58,83.69
20101202,201101,84.20,86.23,83.81,86.02
20101203,201101,87.63,87.72,87.04,87.44
20101206,201101,88.44,88.63,87.19,88.42
20101207,201101,88.66,88.66,87.31,87.83
20101208,201101,86.94,88.08,86.65,87.58
20101209,201101,88.17,88.74,88.17,88.64
20101210,201101,89.09,89.09,88.35,88.71
20101213,201101,87.94,88.34,87.32,88.34
20101214,201101,89.18,89.18,88.25,88.44
20101215,201101,88.42,88.72,88.27,88.27
20101216,201101,88.49,89.75,88.49,89.41
20101217,201101,89.63,90.18,89.31,89.80
20101220,201101,89.75,90.41,89.65,89.75
20101221,201101,89.74,90.69,89.61,90.38
20101222,201101,90.44,91.13,89.89,90.81
20101224,201101,92.84,92.84,91.67,91.77
20101227,201101,92.30,92.30,90.99,91.43
20101228,201101,91.18,91.26,90.93,90.95
20101229,201101,91.38,92.09,90.86,91.57
20101230,201101,91.66,91.66,91.11,91.25
20110104,201102,91.62,92.10,91.48,92.10
20110105,201102,92.22,92.22,89.76,90.30
20110106,201102,88.81,92.21,88.81,92.21
20110107,201102,91.91,91.91,90.51,90.51
20110111,201102,91.56,92.16,89.95,92.00
20110112,201102,92.04,94.35,91.96,93.85
20110113,201102,94.17,94.48,94.04,94.08
20110114,201102,94.63,94.81,93.67,94.02
20110117,201102,93.21,94.40,93.19,94.32
20110118,201102,93.89,93.91,93.22,93.45
20110119,201102,93.65,94.10,93.56,94.00
20110120,201102,94.27,94.27,93.61,93.65
20110121,201102,92.77,93.02,92.20,93.02
20110124,201102,93.01,93.98,93.01,93.97
20110125,201102,94.20,94.20,92.33,92.36
20110126,201102,91.55,91.71,90.87,91.71
20110127,201102,92.04,94.03,92.04,94.03
20110128,201102,93.28,94.07,93.28,93.95
20110131,201102,96.40,96.40,94.85,94.90
20110201,201103,96.94,97.03,96.30,96.51
20110202,201103,96.83,97.85,96.42,97.51
20110203,201103,97.33,99.54,97.33,99.54
20110204,201103,98.58,98.58,98.15,98.37
20110207,201103,96.76,96.99,96.74,96.81
20110208,201103,96.90,96.90,96.14,96.35
20110209,201103,96.37,97.09,94.60,97.05
20110210,201103,98.18,98.31,98.03,98.31
20110214,201103,97.34,98.38,97.34,97.57
20110215,201103,97.52,99.03,97.52,99.03
20110216,201103,99.13,99.17,97.71,97.71
20110217,201103,99.05,100.33,99.05,99.45
20110218,201103,99.97,99.97,98.56,98.56
20110221,201103,99.70,99.76,99.57,99.76
20110222,201103,100.18,104.93,100.18,103.50
20110223,201103,104.53,104.99,102.03,102.28
20110224,201103,103.77,107.93,103.51,107.23
20110225,201103,111.37,111.37,106.49,108.24
20110228,201103,108.31,108.82,108.31,108.68
20110301,201104,107.53,107.74,105.73,107.49
20110302,201104,107.88,110.69,107.88,110.20
20110303,201104,109.71,111.22,108.68,108.68
20110304,201104,108.53,110.67,108.53,110.48
20110307,201104,111.16,111.97,110.99,111.66
20110308,201104,109.95,110.33,108.05,108.88
20110309,201104,108.24,109.60,107.41,107.41
20110310,201104,106.88,110.71,106.88,110.63
20110311,201104,109.77,109.77,108.63,109.24
20110314,201104,107.61,107.61,106.10,106.72
20110315,201104,106.20,107.84,104.55,106.03
20110316,201104,103.60,103.60,101.22,102.66
20110317,201104,106.11,106.11,104.05,105.68
20110318,201104,102.97,110.60,102.48,109.73
20110322,201104,109.86,109.92,109.19,109.23
20110323,201104,110.62,110.71,109.40,109.59
20110324,201104,109.68,109.71,109.42,109.58
20110325,201104,109.65,109.95,109.42,109.63
20110328,201104,109.20,109.42,109.15,109.15
20110329,201104,108.78,108.78,108.27,108.51
20110330,201104,106.27,108.69,106.27,108.69
20110331,201104,109.30,109.80,109.24,109.76
20110401,201105,109.00,111.57,108.98,110.84
20110404,201105,110.44,112.81,110.44,112.47
20110405,201105,112.26,113.71,112.26,113.64
20110406,201105,111.71,114.97,111.71,114.71
20110407,201105,114.91,115.00,114.37,114.50
20110408,201105,115.42,116.84,114.82,116.73
20110411,201105,117.66,119.81,117.58,118.37
20110412,201105,117.95,117.95,113.79,115.02
20110413,201105,116.71,117.13,113.01,114.73
20110414,201105,114.73,115.87,114.73,115.60
20110415,201105,116.14,116.16,115.41,115.43
20110418,201105,115.74,116.26,115.74,116.06
20110419,201105,114.56,115.04,114.52,114.66
20110420,201105,113.67,115.85,112.44,115.74
20110422,201105,117.84,117.84,117.16,117.86
20110425,201105,118.15,118.15,117.70,117.72
20110426,201105,118.05,118.05,116.26,116.53
20110427,201105,116.99,117.14,116.99,117.57
20110428,201105,120.29,120.29,119.70,119.70
20110502,201106,118.42,119.41,118.42,118.57
20110506,201106,106.22,107.13,105.41,105.43
20110509,201106,101.49,105.08,100.46,105.06
20110510,201106,105.95,108.25,105.93,108.14
20110511,201106,108.41,111.66,108.41,111.66
20110512,201106,110.75,110.75,105.65,106.01
20110513,201106,106.07,107.95,104.99,107.95
20110516,201106,106.78,106.78,106.54,106.68
20110517,201106,105.56,105.56,103.98,105.41
20110518,201106,105.78,105.78,105.39,105.45
20110519,201106,106.89,107.14,106.69,106.99
20110520,201106,107.20,107.20,106.08,106.29
20110523,201106,106.77,106.77,105.92,105.92
20110524,201106,103.95,105.86,103.89,105.86
20110525,201106,106.14,107.37,105.87,105.87
20110526,201106,106.08,109.30,106.08,109.30
20110527,201106,109.23,109.57,109.23,109.57
20110530,201106,,,,108.97
20110531,201106,107.35,109.32,107.35,109.32
20110601,201107,110.62,110.72,109.92,110.19
20110602,201107,109.63,109.63,107.57,107.57
20110603,201107,108.41,109.04,108.07,109.04
20110606,201107,108.28,109.29,107.29,109.29
20110607,201107,107.99,108.09,107.67,108.09
20110608,201107,108.91,110.12,108.91,110.12
20110609,201107,109.43,111.64,109.43,111.62
20110610,201107,111.37,112.66,110.58,112.56
20110613,201107,111.48,111.81,110.82,111.14
20110614,201107,111.16,111.45,109.50,110.78
20110615,201107,111.83,112.04,111.81,111.91
20110616,201107,111.73,111.73,107.43,107.43
20110617,201107,107.70,107.72,106.91,107.16
20110620,201107,105.93,106.85,105.72,105.93
20110621,201107,105.72,106.23,105.52,106.03
20110622,201107,106.69,106.79,105.02,105.20
20110623,201107,106.57,107.12,106.57,106.67
20110624,201107,102.96,104.06,102.68,103.73
20110627,201107,102.24,102.26,99.32,99.62
20110628,201107,102.34,102.34,100.78,100.98
20110629,201107,102.06,104.21,101.53,103.90
20110630,201107,105.44,107.18,105.14,107.06
20110701,201108,106.20,106.83,105.57,106.18
20110704,201108,105.47,107.17,105.47,106.93
20110705,201108,105.39,105.73,105.16,105.53
20110706,201108,107.87,108.35,107.40,108.31
20110707,201108,108.11,108.48,108.11,108.38
20110708,201108,109.75,112.35,109.75,112.04
20110711,201108,112.60,112.62,111.32,111.56
20110712,201108,112.05,112.11,110.44,110.50
20110713,201108,110.02,111.80,109.68,111.72
20110714,201108,112.46,112.90,111.67,112.24
20110715,201108,112.03,112.07,110.40,110.82
20110719,201108,110.87,111.05,110.67,110.87
20110720,201108,111.58,112.50,111.44,112.48
20110721,201108,112.56,113.08,111.87,112.86
20110722,201108,112.70,112.70,112.17,112.37
20110725,201108,112.78,112.91,112.22,112.26
20110726,201108,112.51,112.71,112.36,112.71
20110727,201108,113.45,113.45,113.02,113.13
20110728,201108,112.59,112.69,112.07,112.14
20110729,201108,112.62,112.74,111.49,111.53
20110801,201109,111.71,113.10,110.24,112.67
20110802,201109,113.95,113.95,111.05,110.95
20110803,201109,111.05,111.34,109.90,109.90
20110804,201109,106.84,107.46,104.70,107.36
20110805,201109,109.72,109.72,101.29,100.91
20110808,201109,101.61,104.59,101.18,101.18
20110809,201109,102.14,102.14,94.58,97.38
20110810,201109,97.97,100.48,93.21,99.77
20110811,201109,101.20,101.61,100.93,101.61
20110812,201109,102.17,102.56,100.40,102.08
20110815,201109,102.60,102.81,102.60,102.81
20110816,201109,103.07,104.42,102.93,104.17
20110817,201109,104.19,104.78,104.15,104.78
20110818,201109,105.35,105.74,104.98,105.74
20110819,201109,105.50,105.50,101.30,101.40
20110822,201109,100.68,103.62,100.39,101.30
20110823,201109,102.22,104.60,102.18,104.48
20110824,201109,104.73,105.49,104.54,104.62
20110825,201109,103.75,105.95,103.62,106.08
20110826,201109,106.96,106.98,106.36,106.65
20110829,201109,106.19,107.20,106.19,107.10
20110830,201109,108.25,108.33,108.25,108.29
20110831,201109,107.67,109.60,107.40,109.58
20110901,201110,109.29,110.20,108.40,109.87
20110902,201110,109.65,109.67,109.34,109.34
20110905,201110,109.04,109.04,106.35,106.35
20110906,201110,106.53,106.74,105.12,105.12
20110907,201110,105.01,108.60,105.01,108.46
20110908,201110,110.28,110.96,110.28,110.88
20110909,201110,110.18,110.51,109.52,109.61
20110912,201110,110.33,110.33,105.74,105.53
20110913,201110,104.23,106.47,104.23,106.39
20110914,201110,106.42,106.46,104.87,104.97
20110915,201110,105.62,105.66,105.45,105.64
20110916,201110,107.43,108.86,107.43,108.74
20110920,201110,108.48,108.48,105.15,105.26
20110921,201110,106.30,106.42,105.97,105.97
20110922,201110,106.38,107.30,104.53,104.76
20110926,201110,104.23,104.23,98.41,98.41
20110927,201110,100.33,102.37,97.00,101.96
20110928,201110,101.93,102.89,101.93,102.89
20110929,201110,99.76,101.16,99.14,101.14
20110930,201110,101.70,101.70,100.37,100.87
20111003,201111,96.68,97.77,96.43,96.55
20111004,201111,95.50,96.52,95.50,96.43
20111005,201111,95.70,96.90,95.68,96.78
20111006,201111,96.95,98.34,96.95,98.30
20111007,201111,98.69,100.99,97.44,100.89
20111011,201111,102.68,102.84,102.14,102.30
20111012,201111,101.49,104.04,101.49,103.94
20111013,201111,103.41,105.87,103.41,103.74
20111014,201111,104.48,105.16,103.30,105.02
20111017,201111,104.55,107.99,104.55,107.44
20111018,201111,108.75,109.29,105.41,105.45
20111019,201111,105.38,107.49,104.63,107.31
20111020,201111,106.55,106.69,104.10,104.24
20111021,201111,103.80,105.89,103.80,105.35
20111024,201111,105.75,107.08,105.73,106.79
20111025,201111,106.63,107.17,106.29,106.98
20111026,201111,107.43,107.62,106.68,106.91
20111027,201111,106.90,107.28,105.92,107.07
20111028,201111,107.00,108.84,106.73,108.17
20111031,201111,103.75,105.68,101.48,105.64
20111101,201112,105.57,105.81,103.88,103.94
20111102,201112,103.42,104.40,103.14,104.26
20111104,201112,105.01,106.29,104.13,106.19
20111107,201112,106.05,108.27,106.05,108.09
20111108,201112,107.83,109.78,106.93,109.34
20111109,201112,109.88,110.95,109.88,110.38
20111110,201112,108.41,108.48,107.27,107.68
20111111,201112,107.85,109.14,107.79,108.89
20111114,201112,109.69,110.49,109.52,110.24
20111115,201112,110.31,110.33,109.01,109.13
20111116,201112,109.58,109.65,109.09,109.17
20111117,201112,109.55,109.88,108.46,109.33
20111118,201112,109.73,109.73,105.70,106.30
20111121,201112,106.35,107.43,105.32,105.48
20111122,201112,105.20,105.73,104.74,105.44
20111124,201112,105.38,106.00,105.07,105.51
20111125,201112,105.42,105.69,104.15,105.38
20111128,201112,104.80,105.76,104.59,105.76
20111129,201112,106.10,106.95,105.48,106.91
20111130,201112,107.45,108.86,107.45,108.22
20111201,201201,106.94,108.37,106.59,108.33
20111202,201201,107.95,107.95,107.11,107.29
20111205,201201,107.19,108.49,107.19,108.29
20111206,201201,108.89,108.99,106.78,107.07
20111207,201201,107.41,108.55,107.30,108.51
20111208,201201,108.58,108.85,106.90,107.72
20111209,201201,107.89,107.89,104.86,105.25
20111212,201201,105.24,106.14,105.24,105.92
20111213,201201,105.03,105.03,104.38,104.73
20111214,201201,106.09,106.25,105.90,106.19
20111215,201201,106.12,106.14,101.92,103.09
20111216,201201,103.23,103.72,101.58,102.07
20111219,201201,101.55,101.84,99.96,100.13
20111220,201201,100.20,101.95,100.18,101.87
20111221,201201,104.75,104.87,104.23,104.54
20111222,201201,104.58,105.36,103.46,104.97
20111226,201201,105.40,106.44,105.40,106.42
20111227,201201,106.44,107.31,105.42,105.50
20111228,201201,105.56,106.93,105.40,106.91
20111229,201201,105.84,105.84,105.14,105.67
20111230,201201,106.03,106.50,105.92,106.42
20120104,201202,108.56,109.14,108.16,108.23
20120105,201202,108.11,110.39,108.11,110.33
20120106,201202,110.22,110.22,108.76,109.03
20120110,201202,110.19,110.50,109.26,110.37
20120111,201202,109.95,110.57,109.75,109.98
20120112,201202,110.67,110.67,109.69,110.54
20120113,201202,111.27,111.75,109.14,110.03
20120116,201202,109.83,109.83,108.53,109.21
20120117,201202,109.87,110.63,109.78,110.61
20120118,201202,110.60,110.82,110.14,110.45
20120119,201202,109.72,110.14,109.39,109.93
20120120,201202,109.02,110.40,109.02,110.36
20120123,201202,107.81,108.74,107.62,108.66
20120124,201202,109.54,109.54,109.05,109.26
20120125,201202,108.25,108.95,108.05,108.76
20120126,201202,109.25,109.95,109.23,109.58
20120127,201202,109.72,110.55,109.27,109.35
20120130,201202,110.13,110.73,109.53,109.53
20120131,201202,110.62,110.87,109.74,109.89
20120201,201203,109.34,110.47,108.63,108.91
20120202,201203,109.22,110.02,108.97,109.56
20120203,201203,109.35,110.19,109.27,110.06
20120206,201203,109.24,112.29,109.08,112.06
20120207,201203,111.41,114.12,111.39,113.58
20120208,201203,113.12,113.90,112.75,113.78
20120209,201203,113.50,114.69,113.23,114.47
20120210,201203,113.88,115.53,113.88,115.41
20120213,201203,114.94,115.63,114.34,115.53
20120214,201203,115.22,115.22,114.18,114.71
20120215,201203,114.81,116.29,114.81,116.27
20120216,201203,116.11,116.92,116.11,116.70
20120217,201203,115.82,117.79,115.82,117.57
20120220,201203,116.52,118.64,116.46,118.20
20120221,201203,117.21,117.91,117.06,117.81
20120222,201203,117.20,119.09,116.67,119.01
20120223,201203,118.96,120.27,118.70,119.99
20120224,201203,119.48,121.06,119.48,120.89
20120227,201203,120.49,123.39,120.39,122.43
20120228,201203,123.10,123.10,120.87,121.58
20120229,201203,121.94,122.36,119.33,119.87
20120301,201204,118.61,119.53,118.00,118.88
20120302,201204,118.10,121.45,118.00,121.37
20120305,201204,121.68,121.68,120.14,120.26
20120306,201204,119.86,120.70,119.86,120.38
20120307,201204,118.89,119.27,118.70,119.27
20120308,201204,118.75,121.21,118.65,121.21
20120309,201204,121.81,123.03,121.81,122.53
20120312,201204,123.03,123.03,122.14,122.14
20120313,201204,122.34,123.36,122.13,122.67
20120314,201204,122.01,123.35,121.53,123.12
20120315,201204,122.29,123.29,121.93,121.93
20120316,201204,122.36,122.36,120.42,120.70
20120319,201204,121.40,124.04,121.25,123.54
20120321,201204,123.26,123.30,122.35,122.54
20120322,201204,122.80,123.03,120.99,121.05
20120323,201204,121.67,121.73,120.08,120.52
20120326,201204,120.60,122.08,120.60,121.87
20120327,201204,122.58,123.08,122.58,122.76
20120328,201204,122.67,122.73,122.05,122.09
20120329,201204,122.74,122.74,121.14,121.33
20120330,201204,121.30,121.30,119.11,119.42
20120402,201205,117.54,119.38,117.39,118.73
20120403,201205,119.86,121.16,119.36,121.01
20120404,201205,119.94,121.48,119.94,121.04
20120405,201205,121.86,121.86,119.33,120.08
20120406,201205,119.83,120.01,118.31,119.95
20120409,201205,119.04,119.37,118.72,119.37
20120410,201205,118.88,120.33,118.28,118.81
20120411,201205,119.07,119.09,116.28,117.22
20120412,201205,116.13,117.09,115.60,117.09
20120413,201205,117.13,118.78,116.81,117.95
20120416,201205,117.73,117.73,116.70,116.70
20120417,201205,116.90,117.05,114.70,114.76
20120418,201205,114.34,115.96,114.34,115.77
20120419,201205,114.91,115.55,114.91,115.55
20120420,201205,115.36,115.36,114.46,115.28
20120423,201205,115.99,116.63,115.73,115.79
20120424,201205,114.34,115.63,114.34,115.07
20120425,201205,114.96,115.00,114.94,114.94
20120426,201205,115.28,115.95,115.28,115.79
20120427,201205,116.38,117.01,115.60,115.91
20120501,201206,116.98,117.30,115.80,116.04
20120502,201206,114.43,115.61,114.43,115.56
20120507,201206,116.43,116.43,108.63,109.30
20120508,201206,109.23,110.48,109.03,110.26
20120509,201206,109.46,109.94,107.85,109.02
20120510,201206,109.15,109.77,108.08,109.63
20120511,201206,109.44,109.44,108.35,108.51
20120514,201206,108.08,108.99,108.02,108.26
20120515,201206,107.50,107.64,106.80,107.52
20120516,201206,107.05,107.94,106.55,106.61
20120517,201206,106.82,107.08,106.39,107.08
20120518,201206,108.11,108.49,103.91,104.31
20120521,201206,104.44,104.98,103.99,104.84
20120522,201206,106.13,106.19,105.53,106.19
20120523,201206,105.65,106.03,104.34,104.39
20120524,201206,104.09,104.11,102.93,103.13
20120525,201206,102.47,103.91,101.95,103.67
20120528,201206,104.48,104.87,104.48,104.87
20120529,201206,104.55,104.97,104.15,104.93
20120530,201206,105.23,105.43,103.93,104.15
20120531,201206,103.90,103.90,100.79,101.40
20120601,201207,101.64,101.64,98.40,98.87
20120604,201207,98.41,98.41,94.02,94.20
20120605,201207,93.95,96.77,92.97,96.47
20120606,201207,94.90,96.41,94.24,95.85
20120607,201207,97.34,98.11,96.98,97.85
20120608,201207,96.91,99.30,95.55,95.57
20120611,201207,95.16,99.35,95.16,98.87
20120612,201207,97.82,97.82,94.02,94.72
20120613,201207,94.62,95.48,94.50,95.38
20120614,201207,95.49,95.93,94.36,94.89
20120615,201207,94.80,96.66,94.80,96.07
20120618,201207,95.40,97.08,95.06,96.68
20120619,201207,95.78,96.29,93.95,94.31
20120620,201207,93.70,94.71,93.14,94.69
20120621,201207,92.79,93.41,90.69,91.13
20120622,201207,89.55,90.38,88.22,88.72
20120625,201207,88.82,90.39,88.82,90.11
20120626,201207,87.85,90.16,87.85,89.80
20120627,201207,90.94,91.12,90.82,91.08
20120628,201207,90.90,92.00,90.40,91.78
20120629,201207,90.44,91.62,89.78,91.34
20120702,201208,90.93,95.10,90.63,94.24
20120703,201208,93.69,95.31,93.50,95.11
20120704,201208,95.06,98.51,95.06,97.38
20120705,201208,97.64,97.92,96.56,96.56
20120706,201208,96.71,98.51,96.71,97.01
20120709,201208,97.48,97.48,95.42,95.92
20120710,201208,96.19,96.69,95.68,95.82
20120711,201208,95.77,96.05,95.27,95.67
20120712,201208,95.98,97.94,95.86,96.66
20120713,201208,96.43,97.94,96.39,97.94
20120717,201208,98.70,100.77,98.70,100.31
20120718,201208,100.67,101.44,100.41,100.98
20120719,201208,101.55,103.07,101.55,103.07
20120720,201208,103.08,104.39,103.00,104.05
20120723,201208,104.63,104.63,101.25,101.25
20120724,201208,100.12,100.67,99.29,100.26
20120725,201208,100.18,100.18,99.26,99.93
20120726,201208,100.33,101.25,99.82,101.25
20120727,201208,100.68,102.79,100.60,102.73
20120730,201208,103.36,103.52,103.06,103.00
20120731,201208,102.40,103.15,102.34,102.65
20120801,201209,101.98,102.83,100.14,100.86
20120802,201209,100.66,101.82,100.66,101.72
20120803,201209,102.40,102.40,100.39,101.91
20120806,201209,102.80,104.36,102.80,104.08
20120807,201209,104.01,105.05,103.81,104.80
20120808,201209,105.59,107.22,105.55,106.79
20120809,201209,106.53,107.79,106.23,107.59
20120810,201209,107.51,108.83,107.51,108.06
20120813,201209,108.48,108.48,107.69,108.26
20120814,201209,109.38,109.38,108.15,108.93
20120815,201209,108.70,109.04,108.54,108.88
20120816,201209,108.40,111.17,108.40,110.60
20120817,201209,110.92,111.54,110.24,111.10
20120820,201209,111.02,111.54,110.94,111.34
20120821,201209,111.40,112.03,110.92,111.34
20120822,201209,112.03,112.61,111.57,111.81
20120823,201209,112.55,113.25,112.55,112.83
20120824,201209,112.94,113.10,111.10,111.21
20120827,201209,111.39,112.92,110.17,112.13
20120828,201209,112.31,112.31,109.23,109.66
20120829,201209,110.12,110.16,109.68,109.94
20120830,201209,109.28,110.29,109.10,110.25
20120831,201209,110.97,111.05,110.18,110.24
20120903,201210,110.24,111.25,110.24,111.19
20120904,201210,111.04,112.76,110.99,112.52
20120905,201210,112.66,113.46,110.62,110.72
20120906,201210,110.78,111.33,110.29,110.96
20120907,201210,110.77,111.98,109.98,110.89
20120910,201210,111.66,112.09,110.34,111.76
20120911,201210,112.37,112.51,111.72,111.86
20120912,201210,112.70,113.21,112.17,113.07
20120913,201210,113.64,113.78,113.08,113.27
20120914,201210,113.07,114.56,113.07,114.56
20120918,201210,113.08,114.15,110.21,110.25
20120919,201210,110.59,110.59,108.80,110.09
20120920,201210,111.63,111.63,105.52,105.62
20120921,201210,105.38,108.18,104.66,107.47
20120924,201210,107.55,108.69,107.22,107.51
20120925,201210,107.92,108.04,107.20,107.38
20120926,201210,107.19,107.70,107.02,107.06
20120927,201210,107.32,107.89,107.23,107.68
20120928,201210,107.86,109.79,107.84,109.44
20121001,201211,108.53,109.04,108.24,108.57
20121002,201211,109.07,109.17,108.87,108.93
20121003,201211,108.49,108.49,107.96,107.96
20121004,201211,107.38,107.38,104.91,105.50
20121005,201211,106.07,108.99,105.85,108.81
20121009,201211,108.18,109.64,108.18,108.46
20121010,201211,108.71,109.99,108.71,109.75
20121011,201211,110.62,110.62,110.23,110.27
20121012,201211,110.43,111.76,110.24,111.14
20121015,201211,110.77,110.91,109.69,109.90
20121016,201211,110.35,111.60,110.35,111.40
20121017,201211,111.56,111.56,110.83,111.07
20121018,201211,110.35,110.87,110.35,110.79
20121019,201211,110.32,110.58,109.37,109.41
20121022,201211,109.44,109.74,105.95,107.86
20121023,201211,106.99,108.03,106.69,106.85
20121024,201211,106.55,106.63,105.58,106.33
20121025,201211,105.76,105.89,104.47,105.79
20121026,201211,106.43,106.83,105.02,105.04
20121029,201211,106.07,106.91,106.07,106.67
20121030,201211,106.72,106.98,106.32,106.46
20121031,201211,106.43,106.63,106.37,106.55
20121101,201212,105.52,105.52,104.69,105.05
20121102,201212,105.07,105.33,104.57,104.85
20121105,201212,104.88,105.06,102.74,102.84
20121106,201212,102.59,104.83,102.59,104.44
20121107,201212,103.58,107.07,103.58,106.79
20121108,201212,107.88,107.88,104.10,104.63
20121109,201212,104.55,104.99,103.69,104.01
20121112,201212,103.61,105.75,103.03,105.57
20121113,201212,105.31,106.27,104.89,105.27
20121114,201212,104.37,104.92,104.05,104.74
20121115,201212,103.94,106.56,103.86,106.22
20121116,201212,106.03,107.16,105.24,105.75
20121119,201212,107.38,107.42,107.13,107.23
20121120,201212,107.34,109.21,107.34,108.78
20121121,201212,107.78,107.80,106.98,107.26
20121122,201212,106.53,107.90,106.53,107.50
20121126,201212,108.26,108.71,108.13,108.13
20121127,201212,107.57,108.46,107.57,108.40
20121128,201212,108.86,108.86,107.42,107.40
20121129,201212,106.44,107.31,106.21,107.12
20121130,201212,106.91,107.80,106.91,107.80
20121203,201301,107.06,107.75,107.06,107.64
20121204,201301,107.62,108.36,106.79,107.00
20121205,201301,106.37,106.54,105.42,106.44
20121206,201301,106.31,106.72,104.89,105.12
20121207,201301,105.10,105.35,103.33,103.77
20121210,201301,103.77,104.08,103.19,104.00
20121211,201301,103.74,103.74,102.95,103.36
20121212,201301,103.05,103.64,102.99,103.58
20121213,201301,102.87,104.56,102.87,104.41
20121214,201301,104.20,104.30,103.58,103.99
20121217,201301,103.66,105.12,103.65,105.08
20121218,201301,104.66,105.13,104.28,105.12
20121219,201301,104.62,105.40,104.62,105.40
20121220,201301,106.38,107.37,105.85,106.10
20121221,201301,106.08,106.86,105.61,106.01
20121225,201301,104.72,105.54,103.65,105.54
20121226,201301,104.99,105.70,104.99,105.68
20121227,201301,105.67,107.22,105.67,107.20
20121228,201301,106.08,107.68,105.80,106.94
20130104,201302,106.91,106.91,106.26,106.71
20130107,201302,107.04,107.04,106.08,106.16
20130108,201302,106.36,107.46,106.36,107.04
20130109,201302,106.93,107.70,106.93,107.44
20130110,201302,107.03,107.46,106.54,107.32
20130111,201302,106.61,107.51,106.61,106.99
20130115,201302,107.59,108.50,106.62,107.25
20130116,201302,108.16,108.16,105.89,105.94
20130117,201302,105.34,106.40,105.18,106.26
20130118,201302,104.91,107.54,104.91,107.51
20130121,201302,108.48,108.48,107.56,107.60
20130122,201302,108.38,108.77,107.67,108.10
20130123,201302,108.89,109.16,108.00,108.07
20130124,201302,106.71,108.31,106.71,108.31
20130125,201302,107.36,108.89,107.01,108.72
20130128,201302,108.94,109.78,108.78,109.17
20130129,201302,108.81,109.49,108.13,109.49
20130130,201302,109.03,109.97,107.96,109.71
20130131,201302,109.86,110.79,109.65,110.56
20130201,201303,108.55,110.93,108.31,110.91
20130204,201303,110.27,112.12,110.27,111.91
20130205,201303,112.57,112.72,110.31,110.69
20130206,201303,110.27,112.10,109.92,111.88
20130207,201303,111.77,112.35,111.43,112.19
20130208,201303,112.60,113.49,112.45,112.79
20130212,201303,110.98,113.86,110.64,113.04
20130213,201303,114.61,115.40,113.75,114.11
20130214,201303,113.47,113.79,113.18,113.78
20130215,201303,114.85,114.93,113.34,113.44
20130218,201303,111.57,113.74,111.57,113.65
20130219,201303,113.89,113.99,112.62,112.77
20130220,201303,112.87,113.43,112.31,112.58
20130221,201303,112.50,113.09,109.95,109.95
20130222,201303,110.44,110.53,108.81,109.81
20130225,201303,108.70,109.75,108.31,109.75
20130226,201303,110.56,110.86,109.80,109.94
20130227,201303,109.81,109.81,108.21,108.30
20130228,201303,108.01,108.05,106.52,106.62
20130301,201304,106.48,106.96,105.04,105.23
20130304,201304,104.54,105.04,103.66,104.78
20130305,201304,105.12,105.57,104.61,104.90
20130306,201304,104.76,106.66,104.69,106.61
20130307,201304,105.83,106.40,105.62,105.86
20130308,201304,104.53,106.38,104.53,106.38
20130311,201304,105.82,106.57,105.26,106.35
20130312,201304,105.85,106.46,105.52,105.52
20130313,201304,106.18,107.64,105.61,105.38
20130314,201304,105.17,105.38,103.91,104.44
20130315,201304,104.86,105.69,104.80,105.64
20130318,201304,107.06,107.50,104.32,104.32
20130319,201304,104.21,105.86,104.05,105.53
20130321,201304,104.99,105.46,102.95,105.18
20130322,201304,106.24,106.24,104.29,104.61
20130325,201304,104.34,105.27,103.91,105.15
20130326,201304,105.40,105.43,103.71,104.99
20130327,201304,104.29,106.59,104.24,106.59
20130328,201304,106.60,107.29,106.60,107.29
20130329,201304,107.28,107.65,106.38,107.41
20130401,201305,107.43,107.48,106.45,106.55
20130402,201305,107.06,108.24,107.00,107.14
20130403,201305,107.73,107.85,106.98,107.19
20130404,201305,104.89,105.04,101.03,104.03
20130405,201305,103.16,104.16,102.65,103.11
20130408,201305,101.00,102.12,99.45,102.12
20130409,201305,102.09,103.28,101.29,102.77
20130410,201305,102.14,103.49,102.13,102.91
20130411,201305,102.92,103.24,102.46,102.83
20130412,201305,102.77,102.77,101.81,101.81
20130415,201305,102.13,102.13,97.69,98.60
20130416,201305,99.05,99.05,94.97,97.60
20130417,201305,96.90,98.28,96.35,98.00
20130418,201305,97.76,97.76,94.52,95.58
20130419,201305,95.58,97.49,95.14,97.49
20130422,201305,96.92,97.76,96.84,97.54
20130423,201305,98.26,99.37,97.61,97.61
20130424,201305,96.53,98.61,96.48,98.61
20130425,201305,98.87,100.50,98.71,100.20
20130426,201305,100.47,101.52,100.25,100.65
20130430,201305,101.09,101.09,100.75,100.75
20130501,201306,100.12,100.12,98.18,98.39
20130502,201306,99.13,99.22,96.27,96.60
20130507,201306,95.35,102.03,95.33,101.56
20130508,201306,101.50,102.48,100.81,101.26
20130509,201306,101.13,101.68,100.98,101.06
20130510,201306,98.33,101.46,98.33,101.16
20130513,201306,100.69,101.05,99.31,100.28
20130514,201306,100.07,100.07,99.71,99.74
20130515,201306,99.04,99.37,99.04,99.19
20130516,201306,98.98,99.91,98.17,99.60
20130517,201306,99.60,100.39,99.60,100.46
20130520,201306,100.99,101.77,100.99,101.41
20130521,201306,100.89,101.99,100.69,101.79
20130522,201306,101.38,101.38,100.26,100.45
20130523,201306,101.11,101.30,98.52,98.38
20130524,201306,97.71,99.99,97.71,99.19
20130527,201306,100.06,100.06,99.04,99.08
20130528,201306,98.37,99.88,98.28,99.87
20130529,201306,100.49,101.47,100.44,101.11
20130530,201306,102.25,102.25,99.58,99.83
20130531,201306,98.96,99.79,98.56,99.49
20130603,201307,98.52,98.54,96.78,97.04
20130604,201307,97.14,98.50,97.01,98.49
20130605,201307,98.81,100.56,98.54,99.68
20130606,201307,100.26,100.26,99.16,99.45
20130607,201307,102.10,102.10,99.39,99.75
20130610,201307,98.36,101.07,97.52,100.83
20130611,201307,100.59,101.52,99.88,100.09
20130612,201307,101.53,101.53,98.49,99.04
20130613,201307,102.55,102.75,99.48,99.54
20130614,201307,98.72,102.29,98.72,101.47
20130617,201307,102.91,102.91,101.70,102.32
20130618,201307,102.88,102.88,102.00,102.25
20130619,201307,103.21,103.21,102.87,102.89
20130620,201307,100.69,101.13,100.59,100.82
20130621,201307,101.42,101.63,98.18,99.60
20130624,201307,99.16,99.19,96.43,96.96
20130625,201307,98.13,98.23,97.71,98.20
20130626,201307,98.95,98.95,97.66,97.87
20130627,201307,97.99,99.12,97.94,99.12
20130628,201307,99.14,99.86,98.87,99.62
20130701,201308,98.94,98.99,97.87,98.46
20130702,201308,98.38,99.45,98.24,99.42
20130703,201308,98.30,101.28,98.30,101.09
20130704,201308,101.08,102.15,100.87,101.59
20130705,201308,100.38,101.41,100.30,101.14
20130708,201308,100.29,103.66,99.96,102.98
20130709,201308,102.67,103.22,102.51,103.19
20130710,201308,103.99,103.99,103.09,103.20
20130711,201308,104.49,104.84,103.01,103.25
20130712,201308,103.87,103.93,102.58,103.16
20130716,201308,102.40,103.97,102.40,103.54
20130717,201308,104.18,104.35,103.35,103.51
20130718,201308,102.83,104.27,102.83,104.19
20130719,201308,104.25,105.63,104.15,104.55
20130722,201308,105.27,105.27,103.38,104.14
20130723,201308,104.62,104.62,103.61,104.21
20130724,201308,103.36,104.19,103.36,104.19
20130725,201308,104.10,104.10,103.07,103.07
20130726,201308,104.64,104.64,103.90,103.94
20130729,201308,104.65,104.65,103.51,103.58
20130730,201308,103.22,104.25,103.22,104.25
20130731,201308,103.97,103.97,103.27,103.27
20130801,201309,101.80,103.57,101.04,103.57
20130802,201309,103.39,105.30,103.39,105.30
20130805,201309,106.85,106.85,104.61,104.67
20130806,201309,104.52,104.52,103.21,103.89
20130807,201309,105.48,105.48,103.29,103.31
20130808,201309,103.69,103.96,102.95,103.03
20130809,201309,102.34,102.71,100.38,101.94
20130812,201309,102.39,103.34,101.73,103.18
20130813,201309,103.76,104.20,103.74,104.12
20130814,201309,103.98,104.59,103.90,104.43
20130815,201309,104.91,105.77,104.64,105.37
20130816,201309,106.40,106.40,105.11,106.02
20130819,201309,105.63,106.77,105.63,106.28
20130820,201309,106.66,106.77,105.37,105.52
20130821,201309,104.96,106.33,104.94,105.92
20130822,201309,104.90,106.01,104.90,105.84
20130823,201309,105.64,107.04,105.50,106.72
20130826,201309,106.95,108.00,106.66,107.56
20130827,201309,107.76,108.02,107.39,107.40
20130828,201309,108.24,112.60,108.16,111.38
20130829,201309,110.36,110.62,109.95,110.11
20130830,201309,110.25,110.73,108.85,110.00
20130902,201310,107.80,107.80,105.75,106.71
20130903,201310,107.52,108.14,107.49,108.09
20130904,201310,108.28,109.13,108.11,108.94
20130905,201310,108.84,109.14,107.83,108.25
20130906,201310,108.80,108.95,108.39,108.45
20130909,201310,108.84,109.54,108.84,109.10
20130910,201310,108.55,108.55,106.16,107.47
20130911,201310,107.22,107.63,105.30,105.89
20130912,201310,106.77,106.77,106.05,106.32
20130913,201310,106.28,107.79,106.28,107.57
20130917,201310,107.96,107.96,105.68,106.09
20130918,201310,106.25,106.25,104.53,104.64
20130919,201310,105.15,107.17,104.99,106.78
20130920,201310,106.55,106.90,104.79,105.16
20130924,201310,106.14,106.14,104.23,104.59
20130925,201310,104.97,105.61,104.32,105.44
20130926,201310,104.58,104.72,103.85,104.56
20130927,201310,105.21,106.02,105.19,105.45
20130930,201310,105.76,105.78,104.07,104.09
20131001,201311,102.95,103.99,102.71,103.15
20131002,201311,103.69,104.05,103.31,103.41
20131003,201311,102.91,104.31,102.89,104.16
20131004,201311,104.51,104.51,104.20,104.23
20131007,201311,104.71,104.72,104.49,104.58
20131008,201311,103.77,105.57,103.56,105.56
20131009,201311,105.29,105.96,105.29,105.93
20131010,201311,105.55,105.84,104.07,105.63
20131011,201311,105.23,107.22,104.78,107.06
20131015,201311,107.20,107.20,106.64,106.64
20131016,201311,106.37,106.48,106.16,106.27
20131017,201311,106.17,107.82,106.17,107.17
20131018,201311,106.92,106.92,105.70,106.11
20131021,201311,105.68,106.50,105.68,106.36
20131022,201311,106.18,106.40,105.71,106.21
20131023,201311,107.53,108.33,106.34,106.39
20131024,201311,106.35,106.40,104.92,105.23
20131025,201311,105.76,105.76,104.44,104.63
20131028,201311,103.84,104.65,103.84,104.65
20131029,201311,105.25,106.26,105.25,106.26
20131030,201311,106.03,106.06,105.87,106.26
20131031,201311,106.38,107.10,106.28,106.73
20131101,201312,105.85,105.85,104.91,105.36
20131105,201312,102.83,103.28,102.83,103.02
20131106,201312,102.68,103.05,102.39,102.82
20131107,201312,102.51,102.51,102.07,102.07
20131108,201312,102.97,102.97,100.48,100.58
20131111,201312,100.05,102.34,100.05,101.97
20131112,201312,102.12,102.54,102.06,102.49
20131113,201312,102.80,103.44,101.78,102.39
20131114,201312,102.44,103.75,102.44,103.64
20131115,201312,103.63,105.23,103.63,104.87
20131118,201312,105.22,105.32,104.66,104.68
20131119,201312,105.12,105.12,104.38,104.76
20131120,201312,104.05,104.05,103.59,103.69
20131121,201312,103.61,104.14,103.40,103.99
20131122,201312,104.28,106.69,104.28,106.13
20131125,201312,105.80,106.27,104.10,104.63
20131126,201312,105.27,107.04,105.27,106.84
20131127,201312,106.69,107.18,106.55,107.09
20131128,201312,106.58,107.57,106.56,107.48
20131129,201312,107.38,107.52,106.92,107.13
20131202,201401,106.18,106.49,105.73,105.85
20131203,201401,105.23,107.20,105.05,107.11
20131204,201401,107.19,108.68,106.53,108.09
20131205,201401,108.52,108.61,106.93,106.99
20131206,201401,107.55,107.55,106.31,106.91
20131209,201401,105.98,107.51,105.83,107.41
20131210,201401,106.95,106.95,105.41,105.96
20131211,201401,106.55,107.15,105.66,105.83
20131212,201401,105.51,106.31,105.12,106.31
20131213,201401,105.55,105.55,104.63,105.00
20131216,201401,105.77,105.98,105.12,105.17
20131217,201401,104.96,106.07,104.85,105.84
20131218,201401,105.70,105.70,104.82,105.03
20131219,201401,103.86,106.03,103.71,106.03
20131220,201401,105.35,106.61,105.35,106.19
20131224,201401,107.05,108.68,106.99,108.18
20131225,201401,107.94,108.76,107.94,108.75
20131226,201401,108.75,108.84,108.53,108.64
20131227,201401,108.20,108.65,108.20,108.45
20131230,201401,107.75,109.07,107.75,109.04
20140106,201402,104.54,104.66,103.60,103.77
20140107,201402,103.86,104.44,103.47,103.80
20140108,201402,103.23,103.82,102.93,103.79
20140109,201402,103.99,103.99,103.40,103.78
20140110,201402,103.84,104.25,102.81,103.28
20140114,201402,104.92,104.95,102.34,102.81
20140115,201402,102.01,102.18,101.75,102.01
20140116,201402,102.74,102.91,102.50,102.60
20140117,201402,103.16,103.16,102.02,102.14
20140120,201402,102.63,102.98,102.50,102.84
20140121,201402,102.53,103.02,102.02,102.91
20140122,201402,104.22,104.22,102.98,103.58
20140123,201402,103.65,104.63,103.65,104.14
20140124,201402,103.92,104.16,103.80,103.89
20140127,201402,104.70,104.70,102.60,103.57
20140128,201402,103.45,103.67,103.01,103.11
20140129,201402,102.73,103.85,102.73,103.80
20140130,201402,103.98,104.04,103.76,103.89
20140131,201402,103.77,104.42,103.60,103.74
20140203,201403,104.27,104.27,102.40,102.52
20140204,201403,103.36,103.45,101.71,101.74
20140205,201403,102.36,102.45,102.05,102.45
20140206,201403,101.94,102.67,101.73,102.42
20140207,201403,101.86,103.44,101.86,103.44
20140210,201403,103.27,105.60,103.27,104.96
20140212,201403,104.55,105.14,104.54,105.14
20140213,201403,105.55,105.59,104.82,104.82
20140214,201403,104.99,106.08,104.99,105.29
20140217,201403,105.43,105.84,105.37,105.84
20140218,201403,105.80,106.08,105.75,105.92
20140219,201403,106.30,107.27,105.90,106.95
20140220,201403,106.99,107.14,106.15,106.25
20140221,201403,105.64,106.69,105.47,106.49
20140224,201403,106.55,106.77,106.23,106.23
20140225,201403,106.22,106.87,105.80,106.73
20140226,201403,106.42,106.67,105.22,105.22
20140227,201403,105.36,105.36,105.17,105.25
20140228,201403,105.01,105.04,104.76,104.91
20140303,201404,105.14,106.98,104.95,106.79
20140304,201404,106.47,107.11,106.10,106.21
20140305,201404,105.23,105.29,105.01,105.15
20140306,201404,104.42,104.42,103.36,103.92
20140307,201404,103.62,104.36,103.17,104.33
20140310,201404,103.90,104.98,103.84,104.10
20140311,201404,103.63,104.03,103.62,103.86
20140312,201404,104.69,104.69,103.71,103.79
20140313,201404,104.15,104.34,103.53,103.85
20140314,201404,104.76,104.76,103.42,103.53
20140317,201404,104.06,104.75,103.61,104.65
20140318,201404,104.34,104.54,103.08,103.26
20140319,201404,103.25,103.42,102.70,103.38
20140320,201404,102.63,103.09,101.94,102.92
20140324,201404,102.51,103.23,102.27,103.10
20140325,201404,103.30,104.11,102.90,103.26
20140326,201404,103.27,103.89,103.27,103.72
20140327,201404,103.94,103.94,103.23,103.82
20140328,201404,103.72,104.73,103.54,104.73
20140331,201404,103.99,104.51,103.82,104.51
20140401,201405,103.89,104.21,103.84,103.90
20140402,201405,103.45,103.45,101.81,102.33
20140403,201405,101.26,101.69,100.83,101.44
20140404,201405,101.43,102.80,101.31,102.72
20140407,201405,103.55,103.92,102.27,102.37
20140408,201405,102.51,103.31,102.51,102.93
20140409,201405,103.28,104.12,103.28,103.75
20140410,201405,104.19,104.72,104.05,104.11
20140411,201405,104.28,104.28,103.68,103.96
20140414,201405,104.00,104.50,103.83,104.50
20140415,201405,104.35,105.45,104.07,105.40
20140416,201405,105.01,105.93,104.73,105.80
20140417,201405,106.12,106.74,105.61,105.81
20140418,201405,105.43,106.05,105.10,105.12
20140421,201405,104.51,105.66,104.43,105.49
20140422,201405,105.28,106.35,105.26,106.10
20140423,201405,106.08,106.08,105.56,105.85
20140424,201405,105.89,106.06,105.78,105.92
20140425,201405,105.87,106.88,105.80,106.56
20140428,201405,106.05,106.05,105.70,106.00
20140430,201405,105.82,105.82,104.66,104.76
20140501,201406,104.47,104.52,103.40,104.00
20140502,201406,103.45,103.80,103.04,103.79
20140507,201406,105.38,105.38,103.03,103.08
20140508,201406,103.00,103.92,103.00,103.51
20140509,201406,103.77,104.02,103.46,104.02
20140512,201406,104.20,104.29,103.83,103.83
20140513,201406,103.38,104.10,103.38,103.99
20140514,201406,104.80,104.91,104.68,104.89
20140515,201406,105.26,105.29,105.04,105.16
20140516,201406,105.55,105.55,105.36,105.39
20140519,201406,106.03,106.03,105.87,106.00
20140520,201406,105.90,105.90,105.46,105.54
20140521,201406,106.05,106.25,105.92,106.09
20140522,201406,105.29,106.44,105.29,106.44
20140523,201406,106.33,106.33,106.07,106.24
20140526,201406,106.09,106.30,105.80,105.80
20140527,201406,105.93,106.71,105.93,106.70
20140528,201406,106.07,106.45,106.07,106.31
20140529,201406,106.63,106.63,106.05,106.11
20140530,201406,105.98,106.35,105.89,106.03
20140602,201407,104.79,105.23,104.40,105.05
20140603,201407,104.72,104.72,104.47,104.61
20140604,201407,104.05,104.73,103.96,104.73
20140605,201407,104.98,105.01,104.08,104.11
20140606,201407,104.10,104.71,104.07,104.69
20140609,201407,104.50,104.51,104.39,104.39
20140610,201407,104.96,105.68,104.96,105.38
20140611,201407,105.33,105.53,105.11,105.29
20140612,201407,105.42,106.02,105.38,106.00
20140613,201407,106.55,108.75,106.54,108.69
20140616,201407,109.18,109.18,108.60,108.85
20140617,201407,108.56,108.96,108.43,108.76
20140618,201407,108.15,109.24,108.15,109.24
20140619,201407,109.96,110.71,109.85,110.51
20140620,201407,109.95,110.84,109.95,110.79
20140623,201407,110.89,111.14,110.89,111.09
20140624,201407,111.01,111.01,109.59,110.06
20140625,201407,109.77,110.55,109.69,110.06
20140626,201407,109.90,110.10,109.26,109.71
20140627,201407,109.97,109.97,108.87,108.89
20140630,201407,109.12,109.12,108.87,108.92
20140701,201408,108.11,108.49,107.83,108.36
20140702,201408,108.72,108.78,108.26,108.53
20140703,201408,108.11,108.11,107.30,107.49
20140704,201408,107.17,107.46,107.17,107.40
20140707,201408,107.12,107.36,107.04,107.15
20140708,201408,107.34,107.34,106.48,106.68
20140709,201408,106.66,106.66,105.56,105.86
20140710,201408,105.58,105.58,105.13,105.24
20140711,201408,105.16,106.04,105.16,105.85
20140714,201408,105.37,105.47,104.43,104.50
20140715,201408,104.25,104.96,104.25,104.69
20140716,201408,104.60,104.64,103.49,104.22
20140718,201408,104.70,105.23,104.60,105.03
20140722,201408,104.86,105.42,104.86,105.42
20140723,201408,105.73,105.76,104.72,104.88
20140724,201408,104.67,105.66,104.67,105.38
20140725,201408,105.22,105.29,104.96,105.05
20140728,201408,104.96,105.74,104.96,105.74
20140729,201408,105.13,105.55,105.10,105.45
20140730,201408,105.44,105.55,105.40,105.55
20140731,201408,104.95,105.12,104.35,104.60
20140801,201409,103.86,104.37,103.67,104.18
20140804,201409,104.55,104.55,103.42,103.92
20140805,201409,103.91,104.06,103.43,103.95
20140806,201409,103.65,103.65,103.32,103.37
20140807,201409,103.79,103.79,103.20,103.41
20140808,201409,104.00,105.33,103.89,104.92
20140811,201409,104.45,104.53,103.56,103.54
20140812,201409,103.26,103.37,102.98,103.03
20140813,201409,102.68,102.68,101.91,101.95
20140814,201409,102.16,102.57,102.16,102.52
20140815,201409,102.60,102.60,100.62,100.87
20140818,201409,100.93,101.16,100.69,100.80
20140819,201409,100.56,100.56,100.13,100.47
20140820,201409,99.84,100.36,99.84,100.16
20140821,201409,99.99,100.88,99.99,100.53
20140822,201409,100.37,101.23,100.37,101.15
20140825,201409,,,,100.68
20140826,201409,100.99,101.48,100.99,101.38
20140827,201409,101.56,101.93,101.40,101.56
20140828,201409,101.89,101.90,101.47,101.57
20140829,201409,101.26,101.63,101.11,101.48
20140901,201410,101.63,102.23,101.54,102.14
20140902,201410,101.28,101.55,101.07,101.55
20140903,201410,101.12,101.12,99.68,99.87
20140904,201410,100.22,101.20,99.84,100.87
20140905,201410,100.46,101.04,100.25,100.34
20140908,201410,100.58,100.81,99.34,100.01
20140909,201410,98.70,99.04,97.83,98.74
20140910,201410,98.56,98.97,98.14,98.38
20140911,201410,97.94,97.99,97.03,97.27
20140912,201410,96.55,97.13,96.15,96.98
20140916,201410,97.67,97.67,96.34,96.52
20140917,201410,96.26,97.43,96.26,97.43
20140918,201410,96.05,96.84,96.05,96.78
20140919,201410,96.29,96.48,95.93,96.29
20140922,201410,96.24,96.49,96.24,96.39
20140924,201410,95.68,95.90,95.48,95.72
20140925,201410,95.19,95.74,94.45,95.46
20140926,201410,95.61,96.13,95.01,95.76
20140929,201410,95.14,95.63,95.14,95.53
20140930,201410,95.55,96.03,95.22,95.96
20141001,201411,95.83,96.02,93.91,94.27
20141002,201411,94.92,95.35,92.83,92.99
20141003,201411,92.57,92.76,90.78,92.73
20141006,201411,91.96,91.96,90.93,90.97
20141007,201411,91.75,92.35,91.39,91.54
20141008,201411,91.94,91.94,89.52,89.96
20141009,201411,90.14,90.84,90.08,90.14
20141010,201411,89.84,89.87,86.21,86.65
20141014,201411,87.30,89.14,86.90,87.04
20141015,201411,87.07,87.13,83.57,83.74
20141016,201411,83.47,83.57,81.25,81.28
20141017,201411,81.52,84.68,80.88,83.80
20141020,201411,82.97,84.47,82.97,84.42
20141021,201411,84.67,84.72,83.04,83.22
20141022,201411,83.58,84.30,83.24,84.00
20141023,201411,84.02,84.46,82.37,82.92
20141024,201411,81.96,84.75,81.91,84.59
20141027,201411,84.51,84.51,83.62,83.89
20141028,201411,83.95,83.95,82.56,83.36
20141029,201411,83.39,84.54,83.39,84.50
20141030,201411,83.62,84.98,83.55,84.83
20141031,201411,83.25,83.51,82.18,83.47
20141104,201412,82.62,82.80,82.05,82.23
20141105,201412,81.26,81.26,80.52,81.01
20141106,201412,80.24,82.05,80.20,81.36
20141107,201412,80.49,81.18,80.24,80.85
20141110,201412,81.77,82.60,81.70,82.38
20141111,201412,81.61,82.01,80.18,80.53
20141112,201412,80.52,80.95,79.63,79.71
20141113,201412,79.19,79.78,78.54,79.00
20141114,201412,78.01,78.01,75.34,75.44
20141117,201412,75.63,78.31,75.62,76.96
20141118,201412,76.35,76.98,76.32,76.91
20141119,201412,76.74,76.96,76.10,76.80
20141120,201412,75.58,76.46,75.42,76.41
20141121,201412,76.69,78.15,76.26,77.69
20141125,201412,77.48,79.15,77.37,77.55
20141126,201412,77.57,77.91,75.99,76.25
20141127,201412,76.04,76.04,74.07,74.08
20141128,201412,73.72,73.72,69.76,69.85
20141201,201501,69.56,71.02,66.64,67.02
20141202,201501,67.41,70.76,66.78,70.62
20141203,201501,70.12,70.52,69.19,69.26
20141204,201501,68.88,69.66,68.46,68.92
20141205,201501,68.87,68.87,67.62,67.96
20141208,201501,67.24,67.34,66.64,66.88
20141209,201501,67.69,67.69,64.24,64.56
20141210,201501,64.56,65.89,64.32,65.13
20141211,201501,65.14,65.14,62.86,63.59
20141212,201501,63.05,63.41,61.63,62.16
20141215,201501,62.31,62.31,59.42,61.18
20141216,201501,61.59,62.23,58.84,58.86
20141217,201501,58.27,58.27,56.70,57.31
20141218,201501,57.26,59.61,56.82,59.26
20141219,201501,58.85,61.06,57.53,57.90
20141222,201501,57.48,61.14,57.43,60.82
20141224,201501,60.76,61.13,59.36,59.90
20141225,201501,60.27,60.28,59.00,59.54
20141226,201501,59.50,59.69,59.20,59.20
20141229,201501,59.05,59.05,58.56,58.49
20141230,201501,58.24,58.24,56.23,56.21
20150105,201502,54.81,54.81,53.95,54.10
20150106,201502,54.72,54.72,51.48,51.48
20150107,201502,50.65,51.44,48.70,48.93
20150108,201502,48.29,50.22,48.17,50.13
20150109,201502,50.01,50.22,48.86,49.79
20150113,201502,49.82,49.82,44.86,45.15
20150114,201502,44.53,46.11,44.50,44.65
20150115,201502,44.18,47.43,43.62,47.39
20150116,201502,46.41,46.58,45.77,46.25
20150119,201502,46.42,48.15,46.35,47.86
20150120,201502,47.08,47.27,46.56,46.64
20150121,201502,46.58,46.83,46.53,46.68
20150122,201502,46.43,47.25,46.43,47.22
20150123,201502,47.09,47.93,46.93,47.56
20150126,201502,46.32,46.41,46.29,46.26
20150127,201502,46.75,46.75,46.59,46.58
20150128,201502,46.48,47.18,46.48,47.18
20150129,201502,47.13,47.13,46.61,46.61
20150130,201502,46.55,47.49,46.55,47.38
